21.064815502921533, 105.79332727501064
21.064816218104905, 105.79329840522452
21.06478927755872, 105.7932976388244
21.06476233701254, 105.79329687242455
21.064735396466354, 105.79329610602497
21.064708455920172, 105.79329533962567
21.06468151537399, 105.79329457322666
21.064654574827806, 105.79329380682792
21.064627634281624, 105.79329304042945
21.064600693735443, 105.79329227403126
21.06459997855207, 105.79332114377559
21.064626919098252, 105.79332191017899
21.064653859644434, 105.79332267658268
21.06468080019062, 105.79332344298665
21.0647077407368, 105.79332420939089
21.06473468128298, 105.79332497579541
21.064761621829167, 105.79332574220021
21.064788562375348, 105.79332650860529
