21.06469260621228, 105.79341595903277
21.06469191531282, 105.79337745957334
21.064655988572277, 105.79337819993853
21.06462006183173, 105.79337894030338
21.064584135091184, 105.79337968066787
21.06454820835064, 105.793380421032
21.064512281610096, 105.79338116139579
21.06447635486955, 105.79338190175919
21.064477045769014, 105.79342040116288
21.064512972509558, 105.79341966080875
21.064548899250102, 105.79341892045427
21.064584825990647, 105.79341818009944
21.06462075273119, 105.79341743974423
21.064656679471735, 105.79341669938869
